4531137,1,151030,856,810,10013,1,CO023503,1,RTV4531137
